-224
-220
-190
-169
-202
-159
-224
-160
-180
-152
-179
-209
-151
-169
-154
-235
-148
-200
-156
-210
-151
-162
-150
-174
-213
-172
-162
-220
-231
-224
-169
-168
-207
-205
-210
-154
-227
-173
-203
-170
-149
-163
-241
-232
-165
-234
-168
-216
-149
-232
-248
-181
-224
-208
-248
-186
-243
-229
-240
-181
-158
-207
-233
-242
-166
-229
-213
-180
-166
-156
-194
-175
-198
-228
-183
-238
-166
-213
-185
-148
-247
-210
-154
-243
-238
-172
-246
-233
-196
-235
-182
-200
-233
-164
-236
-201
-232
-155
-151
-223
